    0.532280357026512211E+05    0.815926539159289588E-02    0.472510454029477722E+00    0.803636655566009606E+00    0.390708464768524877E+02    0.752770519151299444E+00    0.789530475502983387E+00   -0.432837765536032932E+20   -0.460515351937698814E+01    1
    0.737554060078441544E+05   -0.553493464523404019E-01    0.533655026180166359E+00    0.735939063381361058E+00    0.510004968407890331E+02    0.611895276127228716E+00    0.820620057762609600E+00   -0.268844885372273295E+20   -0.461515351937698259E+01    1
    0.721188704210422438E+05    0.418519149095485186E-02    0.549731769801570569E+00    0.737896163441489339E+00    0.469451984247389049E+02    0.447707845992220022E+00    0.841541161937624849E+00   -0.437393678688983040E+19   -0.462515351937698149E+01    1
    0.180615862129288362E+05   -0.841289912470407353E-01    0.452944915170508389E+00    0.759093263992317802E+00    0.424146099580117664E+02    0.578985875161574626E+00    0.979171754972054553E+00   -0.131953375505620685E+19   -0.463515351937698661E+01    1
    0.772912775832590523E+04   -0.540079505266810034E-01    0.496058262793825477E+00    0.730436651686902971E+00    0.437002367505330582E+02    0.740104599277678799E+00    0.843489676243961428E+00   -0.992821300475152256E+18   -0.464515351937698728E+01    1
    0.481361943737855199E+04    0.259258070880056257E-01    0.445507691967340524E+00    0.790349840862627939E+00    0.483344882433994982E+02    0.876492076759107563E+00    0.763523934201878918E+00   -0.956849040597565312E+18   -0.465515351937698174E+01    1
    0.204854905769226825E+05    0.526563727470476320E-01    0.546920612428337782E+00    0.804383732472703561E+00    0.417657491979389235E+02    0.459718832626123897E+00    0.104405915828542373E+01   -0.517913569458401856E+18   -0.466515351937698153E+01    1
    0.233146261085107944E+05    0.561791539762036204E-01    0.370185217882733841E+00    0.710341288551195271E+00    0.471012346025026858E+02    0.393633070053416911E+00    0.707704481426117527E+00   -0.286548565177784000E+18   -0.467515351937698398E+01    1
    0.206712077106364995E+05    0.361954717704691120E-01    0.558528213908958793E+00    0.787203563229024073E+00    0.470140904494627918E+02    0.405660021552404104E+00    0.880499224103636124E+00   -0.235306032851574816E+18   -0.468515351937698377E+01    1
    0.517896522378597874E+05   -0.482775000643797039E-01    0.477189851042583935E+00    0.753225543223567717E+00    0.399113050070293340E+02    0.214750911884335705E+00    0.130954562314353828E+01   -0.133580500448439392E+18   -0.469515351937698444E+01    1
    0.140434634839068372E+04   -0.100366372366764295E+00    0.513814962335565006E+00    0.760241602397121907E+00    0.508598449432929272E+02    0.808915755560192462E+00    0.970504958797202555E+00   -0.641706026942983280E+17   -0.470515351937698423E+01    1
    0.302905285050335851E+04   -0.157931702360628208E-01    0.494902999243802433E+00    0.757665992204790029E+00    0.451564304129169471E+02    0.580050823864976306E+00    0.100978041303453958E+01   -0.384611109992905040E+17   -0.471515351937698135E+01    1
    0.188023985660058897E+05    0.830965171311292550E-01    0.478148992772970960E+00    0.701711711536880167E+00    0.448247818139442984E+02    0.327068634799564828E+00    0.650466320767528750E+00   -0.380074583740283440E+17   -0.472515351937698025E+01    1
    0.137376331813607540E+05   -0.361523035596082939E-01    0.485991483174560590E+00    0.703622407055412902E+00    0.574784535911030190E+02    0.293136316774399219E+00    0.130838519877047199E+01   -0.266687582716979960E+17   -0.473515351937698448E+01    1
    0.437243965603188190E+04    0.121885017541342837E-01    0.550211199392594996E+00    0.704568867999922577E+00    0.449937256644952299E+02    0.434252005669441776E+00    0.116911672359859509E+01   -0.172011774530121680E+17   -0.474515351937698782E+01    1
    0.161460607680044122E+05   -0.944568348954119910E-02    0.536031782895579512E+00    0.764903543085493021E+00    0.462519552132152754E+02    0.186752761912493515E+00    0.110232004551100182E+01   -0.636176604744370200E+16   -0.475515351937698494E+01    1
    0.216369488409052210E+05   -0.879293001973912164E-01    0.535992617365015578E+00    0.731307016975200619E+00    0.413470390673400487E+02    0.123364260314407448E+00    0.879974534942260300E+00   -0.553679577815154700E+16   -0.476515351937698117E+01    1
    0.180122846836324857E+04   -0.224356820055947002E-01    0.491424525904969323E+00    0.748879595135086396E+00    0.460781459533886064E+02    0.489969693047528132E+00    0.998720233340879116E+00   -0.500452112332096500E+16   -0.477515351937698451E+01    1
    0.814020630447614676E+05   -0.254820124116682013E-01    0.521671089313349934E+00    0.705813426457984394E+00    0.455475263468408471E+02    0.484345133391730909E-01    0.120251679721442906E+01   -0.460869371706814600E+16   -0.478515351937698341E+01    1
    0.145205741203001639E+04    0.789926552905436258E-01    0.494124497119517725E+00    0.707923811463970210E+00    0.517250998023393436E+02    0.455483628176589994E+00    0.995708411794281267E+00   -0.266780770587140300E+16   -0.479515351937697876E+01    1
    0.677518708978449808E+03    0.154504577456444983E-01    0.565566734843143126E+00    0.693814385547580681E+00    0.373572090234756686E+02    0.559520797245805057E+00    0.931670690110673161E+00   -0.132304073189504375E+16   -0.480515351937698032E+01    1
    0.186083088188978394E+03   -0.657873097151865233E-01    0.449001502741176617E+00    0.723018027883333247E+00    0.432462256796355433E+02    0.810484373859682417E+00    0.984845383907726579E+00   -0.120738727615606600E+16   -0.481515351937698277E+01    1
    0.263142676671650918E+03    0.251200290244959074E-01    0.499063643440298799E+00    0.734183050781733848E+00    0.494086935339003261E+02    0.669484329774217901E+00    0.102869442969980041E+01   -0.743492844655916750E+15   -0.482515351937698345E+01    1
    0.399724478924556422E+03   -0.370755881206274521E-01    0.505934397415091497E+00    0.824320709352173275E+00    0.440902923340360076E+02    0.541066200002129793E+00    0.153114384901727019E+01   -0.642576993359591875E+15   -0.483515351937698323E+01    1
    0.707548931187453576E+02   -0.891108943601133935E-01    0.468340123032926658E+00    0.755340031218270536E+00    0.466070346262896109E+02    0.674242580785478163E+00    0.101347876099939960E+01   -0.567903734757041484E+14   -0.484515351937698480E+01    1
    0.556116022184644180E+03    0.203633983075295517E-01    0.539417741651400773E+00    0.708650476587989409E+00    0.403779935092182143E+02    0.317426622901485489E+00    0.939864407055828521E+00   -0.426141295971187266E+14   -0.485515351937698814E+01    1
    0.226418569708004753E+03    0.532786134306466805E-01    0.464370730266604526E+00    0.777933493362060857E+00    0.356079124807636873E+02    0.414817312980293507E+00    0.909343034438774955E+00   -0.337407582979025312E+14   -0.486515351937698437E+01    1
    0.357906846082258383E+02    0.350281177425657078E-01    0.544069328824826948E+00    0.791233748085279465E+00    0.462290209298555936E+02    0.784360635472787004E+00    0.960040979064018085E+00   -0.284925408070340586E+14   -0.487515351937698149E+01    1
    0.478163800835069537E+03   -0.284002975082480319E-01    0.468503829645278258E+00    0.763890236374842324E+00    0.430916472089446785E+02    0.314004499819783511E+00    0.786959969286203487E+00   -0.280909835978813438E+14   -0.488515351937698572E+01    1
    0.120258255917648356E+03    0.738734664557458981E-02    0.521301235478736857E+00    0.758635127663003006E+00    0.385149225116487202E+02    0.502214198710563164E+00    0.951817702416276057E+00   -0.241970246502354180E+14   -0.489515351937698817E+01    1
    0.243177664780501601E+03   -0.264936070995409369E-02    0.518656889976658708E+00    0.786736904128052639E+00    0.422406324448170096E+02    0.355463718024755515E+00    0.133836593534494330E+01   -0.221657786679458828E+14   -0.490515351937698973E+01    1
    0.619866034841728961E+02   -0.302579563442117033E-01    0.537590754519904679E+00    0.676717376953110628E+00    0.458062575469760489E+02    0.599792415674653023E+00    0.740114483373822019E+00   -0.150865722030314688E+14   -0.491515351937698775E+01    1
    0.120319008982176888E+04    0.530282910485298867E-01    0.580757838279265748E+00    0.724065561877700326E+00    0.413276167496692111E+02    0.111237541523465100E+00    0.115596708659576763E+01   -0.575557584981878906E+13   -0.492515351937698220E+01    1
    0.546397513338978001E+03   -0.126737840787780071E-01    0.567873982721802784E+00    0.775854890929830288E+00    0.512606282549811496E+02    0.166339909002814312E+00    0.772086157703609444E+00   -0.539097946459688086E+13   -0.493515351937698199E+01    1
    0.147728196561430085E+02    0.792495617756693860E-01    0.485543337831227828E+00    0.785628614932132208E+00    0.437632843159678373E+02    0.462054389220243222E+00    0.738549553780561308E+00   -0.249677930169582306E+12   -0.494515351937698799E+01    1
    0.250692998971433445E+01   -0.281514920457133604E-01    0.504965576294973739E+00    0.828568396258589024E+00    0.418551058584674394E+02    0.800913224700822379E+00    0.124408559633806903E+01   -0.176573808201757599E+12   -0.495515351937699045E+01    1
    0.211447630458949547E+02    0.261420894735405526E-02    0.449941888212401220E+00    0.626995100757432478E+00    0.488252921223280154E+02    0.334905585908903292E+00    0.145639566279585453E+01   -0.146141550191667511E+12   -0.496515351937698846E+01    1
    0.704478667220257559E+01    0.104112248245737150E-01    0.425384537060966905E+00    0.747380823953236129E+00    0.453434960094933714E+02    0.544428865188961497E+00    0.717305334649787740E+00   -0.116842329487307846E+12   -0.497515351937698824E+01    1
    0.237342498171636018E+01    0.535505826222050368E-01    0.571234504138492749E+00    0.772230109106724072E+00    0.392378966310358663E+02    0.757598878618082949E+00    0.100653053135980919E+01   -0.976590854736926575E+11   -0.498515351937698359E+01    1
    0.477750276728593537E+01    0.265528706119557596E-01    0.607019291412982387E+00    0.689444774154868267E+00    0.448542301408444501E+02    0.633011499546322520E+00    0.474367406748813725E+00   -0.926824275078665009E+11   -0.499515351937698426E+01    1
    0.369593113254951744E+01   -0.951233305095498631E-02    0.546269458725286094E+00    0.799303092869485643E+00    0.381666950592060132E+02    0.668137423097000083E+00    0.720472630238436107E+00   -0.899102281835919189E+11   -0.500515351937698583E+01    1
    0.262648907351995886E+01    0.102192655545713440E+00    0.570924734044975235E+00    0.708648699360581280E+00    0.479538626933520220E+02    0.681384125834815446E+00    0.103019453945608741E+01   -0.784950525962318878E+11   -0.501515351937698384E+01    1
    0.172895563427726517E+01   -0.264418546546614612E-01    0.556341018681402066E+00    0.728453402665736549E+00    0.461074405365039652E+02    0.783946263568071622E+00    0.804662701488921273E+00   -0.631002050904546432E+11   -0.502515351937698451E+01    1
    0.180867939440743819E+01    0.317954706277217419E-01    0.572238840140100846E+00    0.720797076528743252E+00    0.390801227006562613E+02    0.731415047630859960E+00    0.118576113889174928E+01   -0.530504684907435989E+11   -0.503515351937698608E+01    1
    0.273109805021103202E+01    0.245281441723801345E-02    0.547357463419943402E+00    0.716554978299191014E+00    0.479552503668179355E+02    0.624166549683203398E+00    0.876637137692665713E+00   -0.422957073549617081E+11   -0.504515351937698409E+01    1
    0.483669205735412699E+01   -0.192535815746126548E-01    0.473338143912941267E+00    0.756380565926086712E+00    0.397089900541271206E+02    0.462445524949721243E+00    0.102978630843469343E+01   -0.247951378914665337E+11   -0.505515351937698298E+01    1
    0.125979071945655874E+01   -0.300370776989750156E-01    0.525642189291415263E+00    0.742911391060574022E+00    0.469889212858267555E+02    0.762695197996940522E+00    0.687987278164520766E+00   -0.246286480900864334E+11   -0.506515351937698455E+01    1
    0.120234111795483557E+03   -0.479351414192026939E-01    0.429132423539390295E+00    0.778230570389131016E+00    0.384656133625430527E+02    0.430572355017113106E-01    0.866514752828181023E+00   -0.100589386330606422E+11   -0.507515351937697989E+01    1
    0.804467968798343058E+01   -0.294496297201475889E-01    0.516924644189148852E+00    0.787142385164743885E+00    0.459569557303425853E+02    0.228759903266168463E+00    0.548611320793255697E+00   -0.213685752684520245E+10   -0.508515351937698501E+01    1
    0.179976558438307843E+00   -0.127936840977796763E-01    0.624819721369685110E+00    0.735972198586849924E+00    0.496731716753628234E+02    0.899358171328063616E+00    0.100593835396750975E+01   -0.139291979388456368E+10   -0.509515351937699013E+01    1
    0.802591881578541777E+00    0.346738949178861666E-01    0.452999558348759934E+00    0.722666967473284294E+00    0.479976336724420918E+02    0.529678005593490542E+00    0.811660234361197386E+00   -0.120756379170033169E+10   -0.510515351937699080E+01    1
    0.209254198739940278E+00    0.220622634258494134E-01    0.571286006853843786E+00    0.727541761690410516E+00    0.425042392773795967E+02    0.798383583222209037E+00    0.114865220266341561E+01   -0.985555178295696616E+09   -0.511515351937698348E+01    1
    0.718891002776605559E+00   -0.628119354634680688E-01    0.453382461810609316E+00    0.751086040432383029E+00    0.413694233595519947E+02    0.483162105854846813E+00    0.136300741969650807E+01   -0.774856595432951927E+09   -0.512515351937698238E+01    1
    0.307418139446301586E+00   -0.877975096799475108E-01    0.532785864316921987E+00    0.699426924303475639E+00    0.406997929506460991E+02    0.638359398121591370E+00    0.953304271564489047E+00   -0.525732875544009328E+09   -0.513515351937698394E+01    1
    0.181756850241746204E+00    0.126602313102897962E+00    0.399716783184366098E+00    0.731521870298161070E+00    0.496891114611419269E+02    0.745242535527341543E+00    0.815321391743608848E+00   -0.507361578651990116E+09   -0.514515351937697751E+01    1
    0.682773249330572485E+00    0.347947728376096291E-01    0.466339876574823953E+00    0.680756138658980881E+00    0.486280771425345648E+02    0.465053247674462933E+00    0.101866266417381812E+01   -0.420292686331358492E+09   -0.515515351937698085E+01    1
    0.119576992551831074E+01   -0.785597191131351263E-01    0.475207111278726835E+00    0.774063870018836475E+00    0.493057904666580313E+02    0.352768866368180722E+00    0.902268287938621349E+00   -0.251140179067079067E+09   -0.516515351937698330E+01    1
    0.134860152662554161E+00    0.301971253076110530E-01    0.546980586373567834E+00    0.688929111344806167E+00    0.400466497849842469E+02    0.639348992632853719E+00    0.124168478280653649E+01   -0.767510543725572079E+08   -0.517515351937698220E+01    1
    0.974811466428464335E-01    0.916813440321845308E-01    0.480655121153307052E+00    0.827453909609925264E+00    0.473766074558446704E+02    0.708404115272407653E+00    0.969732921377695400E+00   -0.620193460052349120E+08   -0.518515351937698643E+01    1
    0.125902068680079116E+01    0.805604120558808257E-01    0.448521857846409189E+00    0.748935964788313480E+00    0.394751014021457678E+02    0.209128786757351692E+00    0.969233985343996518E+00   -0.334492202858798802E+08   -0.519515351937698533E+01    1
    0.517555599577940217E+01    0.948355479620603820E-01    0.453425224790766301E+00    0.797598717443810501E+00    0.465425362122457642E+02    0.634433227130917210E-01    0.109321383915430426E+01   -0.252680898778491355E+08   -0.520515351937697623E+01    1
    0.514019554028462347E-01   -0.304835111755265842E-01    0.484941980549977558E+00    0.694112165244066159E+00    0.482860330299102714E+02    0.708409296576168579E+00    0.125312301535961668E+01   -0.185136373868365362E+08   -0.521515351937698224E+01    1
    0.187144616548447629E+01   -0.326118070967001752E-01    0.543326966533820621E+00    0.841006276333449820E+00    0.551165715522185948E+02    0.271685662629040370E-01    0.108570526678258727E+01   -0.175410385371188447E+08   -0.522515351937697670E+01    1
    0.165753539824224919E-05    0.297811665041867527E-01    0.491646164396731866E+00    0.804842552634005726E+00    0.434604586138050593E+02    0.679489101480140745E-01    0.119421357585417831E+01   -0.174535888105818480E+08   -0.523515351937698092E+01    1
    0.350046833165544403E-05   -0.339202951695687510E-01    0.541940904921054178E+00    0.709856943611313906E+00    0.419386103891447490E+02    0.993599610840350533E-01    0.983756174153227358E+00   -0.174535787426627912E+08   -0.524515351937698071E+01    1
    0.574546609155870315E-05    0.682237208722713453E-02    0.544645704493738614E+00    0.790545495655294528E+00    0.448671797641830352E+02    0.121328260609542604E+00    0.132888034842705549E+01   -0.174535570199820548E+08   -0.525515351937698583E+01    1
    0.300115046263078060E-05   -0.382999156331993162E-01    0.495826135688953895E+00    0.800448664220426043E+00    0.379437706740510663E+02    0.201015074143360395E+00    0.955555497020291078E+00   -0.174535258127172664E+08   -0.526515351937698739E+01    1
    0.193071726165777969E-04   -0.376828631778625689E-01    0.484040678840816030E+00    0.718392658754096303E+00    0.377973510723797403E+02    0.167000957700371988E+00    0.854510727628171707E+00   -0.174533731911392584E+08   -0.527515351937698007E+01    1
    0.191030737950678692E-03    0.595659958393578715E-01    0.486035623210514967E+00    0.695026151385345514E+00    0.474487952308156267E+02    0.946733013051109795E-01    0.100749578477601665E+01   -0.174531360965892896E+08   -0.528515351937697542E+01    1
    0.366077822945683734E-05    0.609559456144160364E-01    0.445941122690822034E+00    0.677246655514995743E+00    0.532090916114943582E+02    0.337648493000868855E+00    0.131487953071424002E+01   -0.174530927660590038E+08   -0.529515351937697609E+01    1
    0.140517999997333221E-05   -0.229433202232717836E-02    0.494949494325146122E+00    0.792109759376280476E+00    0.452713817750007976E+02    0.538258608881934553E+00    0.981794515942654544E+00   -0.174529854475871585E+08   -0.530515351937697677E+01    1
    0.173484831249566951E-05   -0.636793179599856318E-01    0.533369379670198263E+00    0.696936693494679904E+00    0.483223279936994956E+02    0.518692528690865240E+00    0.909403695817481372E+00   -0.174529528357463293E+08   -0.531515351937698188E+01    1
    0.334977695584835732E-05    0.412975862401844598E-01    0.546669480856872281E+00    0.808656118556652981E+00    0.441805272495537054E+02    0.413889071588576130E+00    0.859795662316160447E+00   -0.174529384506869614E+08   -0.532515351937698078E+01    1
    0.910266860976009795E-04   -0.107566035922884162E-01    0.491533838939364975E+00    0.726156733281826172E+00    0.504389253024170969E+02    0.140151109235331472E+00    0.996150089769307856E+00   -0.174529341636510007E+08   -0.533515351937697613E+01    1
    0.133890313332654988E-05   -0.238566593881721530E-01    0.454463552064199361E+00    0.723560679805786311E+00    0.549722999351669657E+02    0.643353942391374556E+00    0.951219088645528621E+00   -0.174526252734671496E+08   -0.534515351937697680E+01    1
    0.169290051389938210E-05    0.932808226494142578E-01    0.429121387095573126E+00    0.780120618622415107E+00    0.475407542532277674E+02    0.608151481166816277E+00    0.892359614844462579E+00   -0.174525221121663451E+08   -0.535515351937698103E+01    1
    0.253205780247695059E-04    0.589905372787232901E-01    0.485797492975651668E+00    0.714048499617736532E+00    0.466835682386101780E+02    0.259285947666624494E+00    0.101418448121592508E+01   -0.174524956740993708E+08   -0.536515351937698171E+01    1
    0.250727717334111182E-05   -0.606580578647134411E-01    0.574572521382221701E+00    0.824886656706369070E+00    0.482260060546739169E+02    0.612079528095854308E+00    0.640696200366373536E+00   -0.174523209467174150E+08   -0.537515351937698238E+01    1
    0.866939791289685849E-03   -0.353754811256049087E-01    0.489024034941046903E+00    0.798536195556081241E+00    0.444657557082990564E+02    0.767771692781668014E-01    0.850319941190872508E+00   -0.174521408060223237E+08   -0.538515351937698128E+01    1
    0.118055157059614765E-03    0.650409882162509279E-01    0.471478411430865385E+00    0.739994636608216960E+00    0.379410963803991592E+02    0.171691831433942399E+00    0.113028644086738828E+01   -0.174521236079098918E+08   -0.539515351937698018E+01    1
    0.244000174381105989E-05    0.889138912977694741E-02    0.483873147519001345E+00    0.732579577648861058E+00    0.447651501994715346E+02    0.693311137360270724E+00    0.112709794908383509E+01   -0.174514527061263993E+08   -0.540515351937698263E+01    1
    0.616325054856597379E-03    0.129432340021505988E-01    0.558098021771652797E+00    0.924965441856288706E+00    0.468753945210375846E+02    0.105361913215938630E+00    0.103713454324280785E+01   -0.174513084015875868E+08   -0.541515351937698153E+01    1
    0.352550619213023849E-05   -0.810655621890702810E-01    0.518147434471594615E+00    0.807726766382118266E+00    0.476399336254199071E+02    0.630179660805874176E+00    0.127708579879387796E+01   -0.174511141910155267E+08   -0.542515351937697865E+01    1
    0.357380804982750471E-04    0.239419941817739651E-01    0.487345076275536415E+00    0.695454574136639025E+00    0.469701279250320312E+02    0.292885520512017439E+00    0.122709739046496824E+01   -0.174508851558221392E+08   -0.543515351937697933E+01    1
    0.284151479416193016E-05   -0.473042373483150633E-01    0.540886383521506198E+00    0.841784019898079161E+00    0.505441558270626388E+02    0.912074465778827670E+00    0.112654133619695873E+01   -0.174491214677437097E+08   -0.544515351937698178E+01    1
    0.442111461160336747E-05   -0.224015377615048496E-02    0.529786643712905736E+00    0.848072879189018525E+00    0.436115268381199925E+02    0.795162702338529037E+00    0.100588953640551337E+01   -0.174485553768078722E+08   -0.545515351937698245E+01    1
    0.475757875172095539E-03   -0.628403621798572232E-01    0.503752836644226210E+00    0.646434629968682506E+00    0.532451968048639444E+02    0.163230714452232806E+00    0.971261129222212527E+00   -0.174485129158275835E+08   -0.546515351937698401E+01    1
    0.342852307044699931E-03    0.983904976362890427E-01    0.647508004554534056E+00    0.820496048856199534E+00    0.398380330780349965E+02    0.217786773128783473E+00    0.760808149423651492E+00   -0.174470717156203650E+08   -0.547515351937698025E+01    1
    0.559616757553613003E-05    0.394925098857599882E-01    0.544014318889212367E+00    0.751121323946950414E+00    0.457942992315857182E+02    0.795533474189487277E+00    0.104769164758643440E+01   -0.174469975682401024E+08   -0.548515351937698004E+01    1
    0.390995955516062262E-05   -0.319829512711122949E-01    0.491201368316012021E+00    0.707556309139298456E+00    0.512900259639436555E+02    0.929332813068120434E+00    0.112960475856835196E+01   -0.174467626898857467E+08   -0.549515351937697805E+01    1
    0.459850570627629648E-05    0.655426324815440442E-01    0.454111986155202874E+00    0.658775938802298788E+00    0.428044186955233741E+02    0.884821638591681836E+00    0.846872892916397779E+00   -0.174467056251783259E+08   -0.550515351937697694E+01    1
    0.335303579334341525E-03   -0.210509490648704486E-01    0.522100393894545212E+00    0.844980019717436526E+00    0.415111728829614961E+02    0.211929004639798191E+00    0.726014013883391041E+00   -0.174464841652883925E+08   -0.551515351937698295E+01    1
    0.803858190190659873E-05    0.482423997373581034E-01    0.514541000913846469E+00    0.835043901532588451E+00    0.432007357993121630E+02    0.746804489526658122E+00    0.862536805450052957E+00   -0.174458182983188927E+08   -0.552515351937698185E+01    1
    0.346641990453106958E-04    0.312497699967942827E-01    0.560533253692613309E+00    0.647018889564751065E+00    0.505016662753326884E+02    0.417463844621410063E+00    0.128628590419862787E+01   -0.174454111186330952E+08   -0.553515351937698163E+01    1
    0.312321516935466214E-04   -0.513244996749752033E-01    0.513344753876216808E+00    0.829267825599091624E+00    0.508561440859630594E+02    0.477126759041422932E+00    0.784467889771687799E+00   -0.174449866579242833E+08   -0.554515351937698142E+01    1
    0.817760309652688938E-04    0.211449628540644613E-01    0.483826586406373049E+00    0.784278207858210785E+00    0.510096396045010607E+02    0.340608100195258889E+00    0.946789785513568627E+00   -0.174446509388027266E+08   -0.555515351937698032E+01    1
    0.180583466358482324E-02    0.102970464895149119E-01    0.593482778555600721E+00    0.788722272376059075E+00    0.420778451617757128E+02    0.132127546309791066E+00    0.505469258555806933E+00   -0.174445013396281600E+08   -0.556515351937698544E+01    1
    0.535638692886427253E-04   -0.492103851503179757E-01    0.638935505710462981E+00    0.753412182004379649E+00    0.460247552858020939E+02    0.395551341265979128E+00    0.107524501955348040E+01   -0.174429588261065744E+08   -0.557515351937698611E+01    1
    0.175961282251039243E-04   -0.283799610977169860E-01    0.537126400582728314E+00    0.741384965463960599E+00    0.397074689838150761E+02    0.630177051543682643E+00    0.103119705423542896E+01   -0.174422242167075276E+08   -0.558515351937698146E+01    1
    0.455788985490155038E-04    0.543386480411567549E-01    0.514482952734666155E+00    0.732535087412819697E+00    0.429704856982110499E+02    0.465439442482024235E+00    0.758570646399346793E+00   -0.174419659488927312E+08   -0.559515351937697680E+01    1
    0.175892106775030009E-03    0.113805499763543705E+00    0.472981018735611880E+00    0.804840085158496144E+00    0.505841774696617037E+02    0.296930051673106210E+00    0.785726549186944734E+00   -0.174419151583726071E+08   -0.560515351937697748E+01    1
    0.207208582671541223E-04   -0.283557250347578962E-01    0.533155641358590393E+00    0.811380992031497383E+00    0.431948295562138682E+02    0.628597108851743469E+00    0.102278662904153883E+01   -0.174401494911231026E+08   -0.561515351937697904E+01    1
    0.171396094325298112E-04    0.668711815713891097E-02    0.529087135823526622E+00    0.768277648618028275E+00    0.518681052321258917E+02    0.656458644357835852E+00    0.125089332405850673E+01   -0.174400487365523912E+08   -0.562515351937698060E+01    1
    0.884343283120528513E-04   -0.516104290785265388E-01    0.447613455500603996E+00    0.699232788607020206E+00    0.423758322119909394E+02    0.418623119744907290E+00    0.744011555860495388E+00   -0.174393357634221576E+08   -0.563515351937698039E+01    1
    0.243980116045178118E-04    0.619587112255367070E-02    0.449087112770953256E+00    0.787120072760425948E+00    0.432768912149712079E+02    0.609777995789826832E+00    0.877825527948434603E+00   -0.174393290086781457E+08   -0.564515351937698284E+01    1
    0.160756496384938623E-04   -0.216229503041947716E-03    0.559121225703336222E+00    0.782877511553104144E+00    0.418927261601111596E+02    0.748079197973450016E+00    0.129643409895212036E+01   -0.174367956856300458E+08   -0.565515351937698085E+01    1
    0.457888385693983103E-04    0.103154365483683619E-01    0.432639238452902863E+00    0.817830422129532719E+00    0.428169538110643089E+02    0.500842207092687342E+00    0.105264167165754885E+01   -0.174366397945902050E+08   -0.566515351937697975E+01    1
    0.107901260079373981E-03    0.421633118367357104E-01    0.547172268768441383E+00    0.594303038302048892E+00    0.377490310287964022E+02    0.389414172568050110E+00    0.117850034226947553E+01   -0.174362299882073589E+08   -0.567515351937697954E+01    1
    0.254145976791375297E-04    0.323187164331070684E-01    0.430011623949514643E+00    0.693570632099923312E+00    0.503495799975069573E+02    0.652957316194384241E+00    0.976252931160609960E+00   -0.174339548756543919E+08   -0.568515351937697666E+01    1
    0.834703803584028401E-04   -0.188995324206070910E-01    0.460476285936289365E+00    0.787314390846750589E+00    0.417306135446024484E+02    0.458393872116012790E+00    0.924709627641866039E+00   -0.174318586567522101E+08   -0.569515351937697734E+01    1
    0.408887801339178394E-04   -0.940939372763185955E-01    0.484226930740548400E+00    0.814226767722347367E+00    0.445987264579038509E+02    0.647072389728772013E+00    0.800595701177567509E+00   -0.174275911479380950E+08   -0.570515351937697890E+01    1
    0.121763913683129392E-03   -0.340473111652300903E-01    0.528781663682119429E+00    0.718349816981880718E+00    0.514936205110862772E+02    0.410164975889880212E+00    0.125182072164348268E+01   -0.174265890098754838E+08   -0.571515351937697780E+01    1
    0.170745175807877556E-01   -0.100664470726545219E+00    0.498051811699039448E+00    0.764866435628454244E+00    0.341914233504821681E+02    0.731709672839578329E-01    0.844097867426265913E+00   -0.174264413494918868E+08   -0.572515351937697403E+01    1
    0.201216012591651157E-04   -0.123730932945790198E+00    0.490632262205255132E+00    0.846097361470104836E+00    0.413414674339588046E+02    0.860520821853960172E+00    0.113150670788742702E+01   -0.174258055559484176E+08   -0.573515351937697382E+01    1
    0.222035539145722056E-03    0.102902783829709760E-01    0.449912408826969923E+00    0.732654125841763371E+00    0.429919187306845814E+02    0.410467077740410358E+00    0.456625984038267041E+00   -0.174257902804238461E+08   -0.574515351937697805E+01    1
    0.546963006896737685E-04   -0.119872824553104301E-01    0.576352910907783844E+00    0.766391775826035793E+00    0.451044862070409209E+02    0.556258616382958926E+00    0.134528131695026265E+01   -0.174250303729976341E+08   -0.575515351937698227E+01    1
    0.126274748332875299E-03   -0.781224646820447427E-01    0.435911694706429653E+00    0.701834716036702000E+00    0.443187633621719854E+02    0.462151076694458651E+00    0.765490903016507129E+00   -0.174250215948926546E+08   -0.576515351937698384E+01    1
    0.284932342175479305E-04    0.272746862222823169E-01    0.510939111781608335E+00    0.696013056568043353E+00    0.406034958766262477E+02    0.791751657550346932E+00    0.878916394891780750E+00   -0.174217915002487041E+08   -0.577515351937697918E+01    1
    0.394067721034412562E-04   -0.475665723966707185E-01    0.578951646594036751E+00    0.789101793624316539E+00    0.376835498178949848E+02    0.695643383876487054E+00    0.988906515186760315E+00   -0.174216640782873705E+08   -0.578515351937698075E+01    1
    0.155284786608430572E-03    0.491759011348183450E-01    0.475685213238647986E+00    0.664349368106967320E+00    0.414708653874144844E+02    0.470368035632216241E+00    0.480176414930330697E+00   -0.174212345529395565E+08   -0.579515351937698409E+01    1
    0.186497279133130144E-03   -0.698723409690066577E-01    0.507393501839537020E+00    0.677621144614952597E+00    0.478700176387916088E+02    0.388823312808004418E+00    0.124042041466297093E+01   -0.174193603680755273E+08   -0.580515351937698565E+01    1
    0.250353466872596837E-04    0.125448400180821262E+00    0.493784314929738011E+00    0.730009655052299422E+00    0.410593591841206802E+02    0.841786458462073117E+00    0.119983824950437779E+01   -0.174187790997200757E+08   -0.581515351937698366E+01    1
    0.488667662201086516E-04    0.666846300346034537E-01    0.467506699845976259E+00    0.819298805409512165E+00    0.471385945115300373E+02    0.692449100510760029E+00    0.829287563887934454E+00   -0.174133205189365298E+08   -0.582515351937698256E+01    1
    0.776756819319532332E-03    0.904699973461550559E-02    0.455388040717663256E+00    0.718550293819706254E+00    0.441123978963741692E+02    0.285449065385831147E+00    0.107851259090516538E+01   -0.174042981168443598E+08   -0.583515351937698412E+01    1
    0.112360509887120957E-03    0.311790012007716194E-01    0.550859159040853807E+00    0.701683193618959700E+00    0.475884662198474331E+02    0.552888792959343012E+00    0.938556942257702809E+00   -0.174021894899063893E+08   -0.584515351937698391E+01    1
    0.254212362490790692E-04    0.155158123978729606E-01    0.532149835078114530E+00    0.722209004543624800E+00    0.495336146707600449E+02    0.103294690125628752E+01    0.114695082604061849E+01   -0.174000395159663446E+08   -0.585515351937697837E+01    1
    0.558097327441941311E-03    0.522897072465467808E-01    0.585873254680015387E+00    0.658297340539930720E+00    0.440225124428014922E+02    0.334449660147749461E+00    0.103703243154829905E+01   -0.173985743987436555E+08   -0.586515351937697371E+01    1
    0.967787482731503868E-03   -0.369556199877227320E-01    0.457071337805699640E+00    0.739567055320660804E+00    0.466508643168275583E+02    0.284016498446580945E+00    0.972455721158902553E+00   -0.173981883230597638E+08   -0.587515351937697705E+01    1
    0.808492252021369794E-04    0.575445091247159843E-03    0.521032813052222821E+00    0.740125005042986062E+00    0.406305841674025245E+02    0.643664876921388074E+00    0.110469814989746462E+01   -0.173967322209858075E+08   -0.588515351937697684E+01    1
    0.158515982469792827E-03    0.284896682235114725E-01    0.581229092798936975E+00    0.712654454984079755E+00    0.479862217493961083E+02    0.522012410910497882E+00    0.888228917438765864E+00   -0.173936110967251100E+08   -0.589515351937697751E+01    1
    0.100031200601808528E-02    0.142096861410647580E-01    0.465373357006499566E+00    0.752719855216042122E+00    0.354726569452746290E+02    0.291227789397601300E+00    0.102511339139761715E+01   -0.173872945997464880E+08   -0.590515351937697286E+01    1
    0.834058285764868192E-03   -0.222241223882116562E-01    0.519745803488562585E+00    0.761011284148823131E+00    0.425974621910642384E+02    0.317149175807806105E+00    0.915284815845615829E+00   -0.173855614206700101E+08   -0.591515351937697531E+01    1
    0.140867208936316875E-03   -0.595671350182594220E-01    0.514271463555034614E+00    0.698484542927282570E+00    0.441888212893009964E+02    0.568723539565526237E+00    0.107170468798364737E+01   -0.173821781607525125E+08   -0.592515351937697687E+01    1
    0.226558666993146202E-03   -0.356761231474707965E-01    0.436315453902549111E+00    0.763585815870978735E+00    0.429026497371486215E+02    0.488144993553712658E+00    0.118454844049226771E+01   -0.173743444799380489E+08   -0.593515351937697400E+01    1
    0.676628582309305132E-04    0.712402549968026433E-01    0.519230968390779424E+00    0.723136389082940978E+00    0.440981209153046905E+02    0.830561284059759153E+00    0.957273016089683071E+00   -0.173663747438027598E+08   -0.594515351937698000E+01    1
    0.909102265507438854E-04    0.351770982987810038E-01    0.551102792255528939E+00    0.780654155589609933E+00    0.460325624173140397E+02    0.783673979919272679E+00    0.777749622200531010E+00   -0.173578354360786639E+08   -0.595515351937698156E+01    1
    0.790543973958477233E-03   -0.359106010631082481E-01    0.470714926291333380E+00    0.731387079782984451E+00    0.460800070740132739E+02    0.421878308789800149E+00    0.406711301506920475E+00   -0.173569457650038451E+08   -0.596515351937697336E+01    1
    0.421351153415888344E-01    0.329808287878344958E-01    0.513658818088877034E+00    0.660899701866797029E+00    0.424927469274247684E+02    0.957727082155479525E-01    0.102951264142011989E+01   -0.173561354243437573E+08   -0.597515351937696959E+01    1
    0.147759707150124989E-03    0.138589570018313093E-01    0.541508871870799657E+00    0.703452262746084411E+00    0.441382175256380833E+02    0.663186212192033220E+00    0.961890420569893712E+00   -0.173444040896466896E+08   -0.598515351937697559E+01    1
    0.147409762764423276E-03   -0.450791820148384939E-01    0.392006675673054472E+00    0.726632386048137291E+00    0.495208043588896345E+02    0.653057882797636324E+00    0.943066105869951654E+00   -0.173440325127906390E+08   -0.599515351937697627E+01    1
    0.382715735599572951E-03    0.219462368842646763E-01    0.511786917270758202E+00    0.756371675349871486E+00    0.411278403039954767E+02    0.480405115707372321E+00    0.100710871515931921E+01   -0.173344109106300138E+08   -0.600515351937697517E+01    1
    0.839917548717939713E-03    0.653547823943510658E-01    0.513120702109458482E+00    0.721848472940719410E+00    0.495445763150776415E+02    0.373726383782737426E+00    0.106304705432194524E+01   -0.173221059037238657E+08   -0.601515351937697851E+01    1
    0.111498719753232880E-03   -0.162769592890217654E-01    0.539340892957674178E+00    0.699695489945316162E+00    0.438655280051978238E+02    0.840552433830795254E+00    0.971588607488948819E+00   -0.173069541296020038E+08   -0.602515351937697829E+01    1
    0.901727701068281706E+00    0.635725140074357986E-01    0.466782104265604902E+00    0.751221808949415149E+00    0.374258969721400945E+02    0.770662528917707146E-01    0.131147954781593601E+01   -0.173043520236040950E+08   -0.603515351937697453E+01    1
    0.505550793353203780E-03    0.221269033773944662E-01    0.492712820074738045E+00    0.782248958290171492E+00    0.543850068117666297E+02    0.498940255189031789E+00    0.580637969616556671E+00   -0.173042865743188299E+08   -0.604515351937697520E+01    1
    0.185862792186827608E+00   -0.502243985923427269E-01    0.490243908617663371E+00    0.810129744108896266E+00    0.470988154099920706E+02    0.594975775386978878E-01    0.126059603239508533E+01   -0.173035482896514349E+08   -0.605515351937697410E+01    1
    0.133982241976884388E-02   -0.381435220166316744E-01    0.466601651928380601E+00    0.722112948894683582E+00    0.432722426502712665E+02    0.350335974785507431E+00    0.997132757565071026E+00   -0.173021444994802028E+08   -0.606515351937697478E+01    1
    0.445590638561105343E-02    0.429705823977553983E-01    0.504060744969664909E+00    0.807896132350604534E+00    0.419478481036856863E+02    0.234779065646179952E+00    0.115044050820438604E+01   -0.172882131500763074E+08   -0.607515351937697723E+01    1
    0.272624688600492772E-03    0.556845975270869667E-01    0.498665197621531164E+00    0.824681232149337529E+00    0.379791830446466534E+02    0.618440079535663267E+00    0.117166688432913846E+01   -0.172733557998712659E+08   -0.608515351937697790E+01    1
    0.148081853851052985E-02   -0.345240909733096138E-01    0.470014231502196567E+00    0.760974610407655350E+00    0.412801321192738939E+02    0.352609443219408791E+00    0.115123075958491250E+01   -0.172602056344851889E+08   -0.609515351937697769E+01    1
    0.467031735103053754E-03    0.579593409344544407E-02    0.542970374584594184E+00    0.703623417800884221E+00    0.525573427229857728E+02    0.550459902568065318E+00    0.981360024562834332E+00   -0.172361169795789309E+08   -0.610515351937697481E+01    1
    0.214293898237820010E-02    0.314552509463714991E-01    0.472489693286921253E+00    0.758807364339001977E+00    0.461033664676964747E+02    0.331012000081786883E+00    0.103799925052178321E+01   -0.172316104909152910E+08   -0.611515351937697282E+01    1
    0.181719910189718869E-03    0.959902062644244214E-01    0.547216715676869692E+00    0.684373172313460398E+00    0.454431819923121125E+02    0.822452258143049342E+00    0.107923767764295531E+01   -0.172179336418703124E+08   -0.612515351937697528E+01    1
    0.385093319136594356E-03    0.132811629830537053E-01    0.475821206624622239E+00    0.814079031924278218E+00    0.401752507488780353E+02    0.613345298190683508E+00    0.103754013710802884E+01   -0.172152598441036865E+08   -0.613515351937697417E+01    1
    0.154912954060436173E-03   -0.894050621791730588E-01    0.532140337509270589E+00    0.807363672272033539E+00    0.279786258444485263E+02    0.922667996632454690E+00    0.120578579561162225E+01   -0.172117704777972884E+08   -0.614515351937697485E+01    1
    0.208470945075169591E-01    0.147256429721129203E-01    0.515823200408907612E+00    0.758786665714968223E+00    0.425551229727677125E+02    0.189310370994594301E+00    0.732069799501132268E+00   -0.171997508258406147E+08   -0.615515351937697819E+01    1
    0.394352193501492643E-01   -0.183595750000155843E-01    0.533144908136065188E+00    0.753440808890072478E+00    0.441906216538881935E+02    0.136979823574051196E+00    0.846062627478433416E+00   -0.171979430958518125E+08   -0.616515351937697620E+01    1
    0.529893177357443107E-03    0.282180865601879376E-01    0.499607676422927305E+00    0.813966669899757189E+00    0.535387889685944387E+02    0.544537205732786189E+00    0.113174753226003832E+01   -0.171977559278217591E+08   -0.617515351937697776E+01    1
    0.742101707541559632E-03   -0.913943494940708256E-01    0.490169822211408313E+00    0.777737229217849713E+00    0.463662088542753139E+02    0.518735416345593836E+00    0.888365836997999980E+00   -0.171881692142261639E+08   -0.618515351937698288E+01    1
    0.146871560368339407E-02    0.594660659044410136E-01    0.515710285815014657E+00    0.788619913098013936E+00    0.467001264330477852E+02    0.396099816158421270E+00    0.100047565157996643E+01   -0.171831575349837169E+08   -0.619515351937698000E+01    1
    0.907626069343567157E-03   -0.229084080989840483E-01    0.482448830302811493E+00    0.752553925064617824E+00    0.493913609117778520E+02    0.498327939938276898E+00    0.858549921219508905E+00   -0.171598345079170614E+08   -0.620515351937697535E+01    1
    0.586981559044388781E-03    0.576731958894413366E-01    0.494555212766716212E+00    0.705460085623638600E+00    0.396312067764743077E+02    0.605699114479000156E+00    0.669696523512708475E+00   -0.171515837974463776E+08   -0.621515351937697247E+01    1
    0.513866279354592125E-02   -0.724737253973737616E-01    0.505355410706641139E+00    0.698774916048376049E+00    0.534176997418459791E+02    0.313237615959710003E+00    0.816820791310437611E+00   -0.171019485068133697E+08   -0.622515351937697314E+01    1
    0.732206768202978923E-02   -0.847902911491049682E-02    0.449971658295276355E+00    0.779791898244164283E+00    0.464798668483996664E+02    0.267424073505290849E+00    0.101085832339047088E+01   -0.170834026402366869E+08   -0.623515351937697559E+01    1
    0.214789660701372769E-03   -0.113228326425107821E-01    0.444403201290529903E+00    0.836751188736373996E+00    0.490878469833344937E+02    0.944392658911712202E+00    0.138398053469807625E+01   -0.170739288839707635E+08   -0.624515351937698071E+01    1
    0.159448678253611836E+00    0.901676821227636593E-01    0.480936396756404760E+00    0.841145174461198519E+00    0.448247339744303588E+02    0.110265236848233805E+00    0.106808357847504132E+01   -0.170606066236381494E+08   -0.625515351937697694E+01    1
    0.520341907888816069E+00    0.879234096010463179E-01    0.527451764714985116E+00    0.673883677407817072E+00    0.383107581932144399E+02    0.991474958497672310E-01    0.940245270079807738E+00   -0.170359189475033283E+08   -0.626515351937697407E+01    1
    0.459969362911150309E-03    0.359261204382038540E-01    0.506084458280656069E+00    0.749522728028487073E+00    0.447136138893234545E+02    0.730297386550751382E+00    0.869386093314363340E+00   -0.170289719558791481E+08   -0.627515351937697385E+01    1
    0.821805518870780322E-03    0.460818621863208350E-01    0.537947145776506153E+00    0.748265780266252234E+00    0.443000307001662250E+02    0.582890364244992742E+00    0.949871902297666604E+00   -0.170198526603156999E+08   -0.628515351937697986E+01    1
    0.685135439041196538E-03    0.236970643502265009E-01    0.589498462220277131E+00    0.760049056681114887E+00    0.465809167023827158E+02    0.674805673599352396E+00    0.112590963016744405E+01   -0.169075260465610810E+08   -0.629515351937697432E+01    1
    0.360960130675450552E-02   -0.135863254221111045E-02    0.533561520034856462E+00    0.749229486685512036E+00    0.359276097281846418E+02    0.394159989857288728E+00    0.995359250917805305E+00   -0.168517090309995376E+08   -0.630515351937697766E+01    1
    0.719555910968182376E-03   -0.663693391215266493E-01    0.457918073930161595E+00    0.739507634384520829E+00    0.387988293922314611E+02    0.730995727161962372E+00    0.720277284209545954E+00   -0.168463510852601454E+08   -0.631515351937697567E+01    1
    0.453848174309940799E-02   -0.205274653665754279E-01    0.496144785268909705E+00    0.661386039861912689E+00    0.397188745944383044E+02    0.380646144852419765E+00    0.970477351768732510E+00   -0.168314856032286510E+08   -0.632515351937697190E+01    1
    0.145198521189951533E-02   -0.739136263805622445E-01    0.500437610638768127E+00    0.842451549836807922E+00    0.420398826456992722E+02    0.570815145556073378E+00    0.836808042072497038E+00   -0.167921676775828339E+08   -0.633515351937697790E+01    1
    0.224636613656682997E-02   -0.110863028480590372E-01    0.515473057322422989E+00    0.789583439953155053E+00    0.417678908419945571E+02    0.472775748865337020E+00    0.108495358963990229E+01   -0.167678939408927299E+08   -0.634515351937697858E+01    1
    0.711830860199667999E-03    0.113257169111583757E-01    0.488484588569697564E+00    0.789743476514996545E+00    0.460821821953225452E+02    0.723012517036697777E+00    0.122655128362199761E+01   -0.167637469342094325E+08   -0.635515351937697659E+01    1
    0.161488071295637810E-01    0.193981932648700436E-01    0.424139356856548300E+00    0.727764454500748892E+00    0.510777662073365590E+02    0.244555366102539973E+00    0.128501324115587057E+01   -0.166864681793820579E+08   -0.636515351937697371E+01    1
    0.718008931527339979E-03    0.246370967083568669E-01    0.522324834805752980E+00    0.797778393718638790E+00    0.532608627257857421E+02    0.778843950014543207E+00    0.124619179344029329E+01   -0.166238986505260989E+08   -0.637515351937697350E+01    1
    0.119537989215078664E-01    0.179720091607797269E-01    0.521425849939738728E+00    0.771810651456590002E+00    0.497155402466061531E+02    0.311824266549655393E+00    0.840543919834892739E+00   -0.165924741424347498E+08   -0.638515351937697861E+01    1
    0.823855182053045781E-03   -0.348696436832314077E-01    0.519953224854446283E+00    0.828882699123986377E+00    0.478509581996171818E+02    0.753639440623111168E+00    0.127988013957459668E+01   -0.165857754459895343E+08   -0.639515351937698195E+01    1
    0.330956114098445798E-02   -0.102544186225537598E+00    0.443592953895594000E+00    0.692295418568131260E+00    0.468686415393007607E+02    0.465779176395459127E+00    0.965730514059844114E+00   -0.165739555809684023E+08   -0.640515351937697730E+01    1
    0.111140211550445783E-02   -0.800655852039560273E-01    0.500957913951892597E+00    0.809758669705428868E+00    0.418412779554849266E+02    0.679775991792537559E+00    0.117662943388896890E+01   -0.165607546607494336E+08   -0.641515351937697620E+01    1
    0.860302876125837966E-02   -0.200149548127489529E-01    0.484155505724854107E+00    0.759845166742512013E+00    0.435898576272889926E+02    0.342902937269804586E+00    0.954103725448609219E+00   -0.165545898865856752E+08   -0.642515351937697776E+01    1
    0.304709315223756659E-02   -0.124134458077434326E+00    0.443825072927566233E+00    0.766808788864311364E+00    0.441188634164306777E+02    0.553072807506985065E+00    0.459237044300566999E+00   -0.165415232353333272E+08   -0.643515351937697222E+01    1
    0.134875279348815056E-02    0.612539256295742685E-01    0.462169682476183397E+00    0.761724598103759920E+00    0.475818834263845929E+02    0.624839879940332299E+00    0.122792542106516911E+01   -0.165036301566999964E+08   -0.644515351937697556E+01    1
    0.200372642589936823E-02    0.780880976692092665E-01    0.532251942135928857E+00    0.791945259285014247E+00    0.546693037175421424E+02    0.553009341766127371E+00    0.107974883507781572E+01   -0.164511434245938547E+08   -0.645515351937697535E+01    1
    0.927608518955840011E-03   -0.526679893123991674E-01    0.577846888888940202E+00    0.707164787814834495E+00    0.488168750227746031E+02    0.779961242590547998E+00    0.102631763370596030E+01   -0.164283187905767132E+08   -0.646515351937697513E+01    1
    0.694300708407978237E-02   -0.392718483229941625E-02    0.515004279107106222E+00    0.760334255372686063E+00    0.445574689811152638E+02    0.388035316500147998E+00    0.875853201883390553E+00   -0.164198050818014257E+08   -0.647515351937697048E+01    1
    0.261582244017194876E+00    0.332056847091209348E-01    0.388612108575002668E+00    0.705066909676115072E+00    0.485392418035087090E+02    0.163934289018710544E+00    0.136113120579484903E+01   -0.163875070845933836E+08   -0.648515351937697559E+01    1
    0.825878786133301193E-03   -0.191704190916514673E-03    0.541736023580383419E+00    0.795084295523099782E+00    0.437121991544220521E+02    0.854860612910389062E+00    0.933104584566577744E+00   -0.163823221768638808E+08   -0.649515351937697538E+01    1
    0.374162102484906301E-02    0.186417219442253992E-01    0.497915434436372317E+00    0.718404799878071709E+00    0.412164431637793029E+02    0.483169518271694520E+00    0.889229027394197846E+00   -0.163670021492994446E+08   -0.650515351937697694E+01    1
    0.410742081884512764E-02   -0.301834550171412690E-01    0.456892610022391454E+00    0.742491635937911676E+00    0.406883650509668300E+02    0.480675674230952643E+00    0.899199799788753751E+00   -0.162913796209360529E+08   -0.651515351937697318E+01    1
    0.519711829419819676E-02    0.117125965250830424E+00    0.475795495958831582E+00    0.790708184853940343E+00    0.499797178948560799E+02    0.408477572416055534E+00    0.109402500987663220E+01   -0.162804553316465560E+08   -0.652515351937697652E+01    1
    0.594687920964813606E-02    0.444455077740004423E-01    0.482022608105685701E+00    0.627713989149713991E+00    0.480920578023492524E+02    0.422592801969209397E+00    0.971289197182844122E+00   -0.162206694239231665E+08   -0.653515351937697631E+01    1
    0.201577789609676001E-02   -0.119698837803752192E+00    0.469218411699649951E+00    0.720254146606503776E+00    0.476015044468133013E+02    0.603383238465006411E+00    0.143254077499868959E+01   -0.161487774042655546E+08   -0.654515351937697609E+01    1
    0.334142920040885957E-02    0.310386321621544149E-02    0.501422963918055742E+00    0.688620062716028936E+00    0.501911316875552913E+02    0.521083310141433276E+00    0.101286830741528999E+01   -0.161285288750074748E+08   -0.655515351937696966E+01    1
    0.368116498977158523E-02   -0.288777020590719295E-01    0.510622073323905079E+00    0.789265984074260407E+00    0.451990598681281455E+02    0.505626921285174946E+00    0.109185019572328201E+01   -0.161039414511140436E+08   -0.656515351937697567E+01    1
    0.446252821012807672E-02   -0.769076576872477786E-02    0.495492041702150665E+00    0.718581932248374633E+00    0.474484239848852241E+02    0.470155898604823763E+00    0.114524125478652627E+01   -0.160866773217803687E+08   -0.657515351937698256E+01    1
    0.307884612297374301E-01    0.125978093146858535E-01    0.544587575026715287E+00    0.802483082889092536E+00    0.469827098966847601E+02    0.268091941022082836E+00    0.862766561648943497E+00   -0.160781078273704797E+08   -0.658515351937698501E+01    1
    0.171114048041903733E-02   -0.385559100458450973E-01    0.528504150572819853E+00    0.768826370031956863E+00    0.413207249013203750E+02    0.713418935548207900E+00    0.838441345816022476E+00   -0.160567837362639233E+08   -0.659515351937696881E+01    1
    0.124283875852788136E-02   -0.590221271631587510E-02    0.456129624986917726E+00    0.717740901637620499E+00    0.457163540438928138E+02    0.778323904363660724E+00    0.119400244574222758E+01   -0.160308720508471783E+08   -0.660515351937696948E+01    1
    0.688759671775591368E-03    0.241746285969235176E-01    0.438669651135457972E+00    0.846883911395820310E+00    0.489502266555558947E+02    0.105072358823548462E+01    0.126787337111196163E+01   -0.160140459915925711E+08   -0.661515351937697371E+01    1
    0.288745656701826616E-02   -0.405385644695988173E-01    0.486320215379487331E+00    0.742317238508658717E+00    0.519172367148389355E+02    0.547199507596419443E+00    0.135323776932967799E+01   -0.160081607043558620E+08   -0.662515351937697705E+01    1
    0.655030981039422464E-02    0.360393691860062745E-01    0.458220036797059582E+00    0.820824263049823033E+00    0.428859490142161377E+02    0.425407387515917668E+00    0.103003376462153651E+01   -0.159596993564811014E+08   -0.663515351937697861E+01    1
    0.434344722458679180E-01   -0.549492726399808673E-01    0.479633679792690615E+00    0.735875479946758837E+00    0.459623635925784129E+02    0.285205886855249502E+00    0.584727922288807211E+00   -0.159339322960898522E+08   -0.664515351937698107E+01    1
    0.294828848542328303E-02   -0.417492532483541220E-01    0.572104783385576687E+00    0.763453918554903521E+00    0.462457691201323726E+02    0.608274280520819000E+00    0.746052785605875846E+00   -0.159307361387448665E+08   -0.665515351937697286E+01    1
    0.195748367899455065E-01    0.458316719364199217E-02    0.475310616594233959E+00    0.733276509829185463E+00    0.486208203112551374E+02    0.310739328520268587E+00    0.106673240283398640E+01   -0.158635079457720984E+08   -0.666515351937697353E+01    1
    0.114747845708939753E-02   -0.241969682488949629E-01    0.495476463414572910E+00    0.763092520623951165E+00    0.449099620033731455E+02    0.907885131701393622E+00    0.871536234626952511E+00   -0.157672297051232532E+08   -0.667515351937697510E+01    1
    0.202621185332636129E-01   -0.394594035276524674E-01    0.421976431187095657E+00    0.704051237747528980E+00    0.453303280687346870E+02    0.337754830512382143E+00    0.838794023903198793E+00   -0.157595490282725543E+08   -0.668515351937697488E+01    1
    0.219493965844020722E-02   -0.206695387605993763E-01    0.523258837414751543E+00    0.804551898203283322E+00    0.465168383305194268E+02    0.692111920989323726E+00    0.867826599922036923E+00   -0.157568758025050517E+08   -0.669515351937697734E+01    1
    0.387519173115542662E-02    0.279279050490620108E-01    0.538652769288037847E+00    0.681699305643115205E+00    0.503636589162153641E+02    0.570818304332968984E+00    0.843430048187629899E+00   -0.156115804831836373E+08   -0.670515351937697446E+01    1
    0.272010102966580070E+00   -0.202052971305597545E-01    0.528090519344840192E+00    0.750895845606384227E+00    0.417458493626960205E+02    0.432130215828353259E+00    0.110539764896618364E+01   -0.155584211168694682E+08   -0.671515351937697247E+01    1
    0.171024894922298747E-02    0.529311450584063828E-01    0.447793075452636691E+00    0.890645679881372998E+00    0.409366741843908528E+02    0.821225564743124026E+00    0.101064023237336276E+01   -0.153984131360613499E+08   -0.672515351937697314E+01    1
    0.466814237615136712E-02    0.169757978839222279E-01    0.510726032000765828E+00    0.730138672634827901E+00    0.456764556542119777E+02    0.532729653843638129E+00    0.122445015555720138E+01   -0.153949554489509761E+08   -0.673515351937697382E+01    1
    0.365036757543760280E-02    0.279851555579119435E-01    0.512373187041897049E+00    0.717766832076992323E+00    0.474183921934728474E+02    0.634285959961739088E+00    0.635679088185874819E+00   -0.153757081597612035E+08   -0.674515351937697183E+01    1
    0.673727331815077678E-02   -0.184979370722786335E-01    0.461550653136305611E+00    0.842267131141153480E+00    0.460055869647604112E+02    0.496267455073982955E+00    0.866238991385879897E+00   -0.153201584418555610E+08   -0.675515351937697428E+01    1
    0.642246455622811838E-02   -0.279924736683309118E-01    0.464113599810843824E+00    0.772086173867440273E+00    0.446063013124743080E+02    0.506888346834755144E+00    0.100250659265058784E+01   -0.152033616638401747E+08   -0.676515351937697584E+01    1
    0.304304139794027689E-02    0.149042895677161447E+00    0.452155045327156724E+00    0.750169987262820470E+00    0.526841155672635892E+02    0.633228822285954562E+00    0.136095205253051543E+01   -0.150884380321320742E+08   -0.677515351937697829E+01    1
    0.485755556036449130E-02   -0.132945572531784195E-01    0.534228609036561553E+00    0.659037318563285957E+00    0.471061033598268111E+02    0.576233374865913972E+00    0.926100600010016484E+00   -0.150868870073386133E+08   -0.678515351937697098E+01    1
    0.115336890529009820E-01    0.679691051626340748E-01    0.461076147767258138E+00    0.839035433280707510E+00    0.417332565605757750E+02    0.407610972716556441E+00    0.108241185337562795E+01   -0.150381654344826601E+08   -0.679515351937697432E+01    1
    0.276049300415909119E-02   -0.238998161657200982E-01    0.478752698444185332E+00    0.792679367523267731E+00    0.428631847416545781E+02    0.742681300247653109E+00    0.102254883198693669E+01   -0.148574345094222743E+08   -0.680515351937697410E+01    1
    0.174129400006494631E-02   -0.844550955580518070E-01    0.462181995251253031E+00    0.775174182794844624E+00    0.446998023662636967E+02    0.936456599426224723E+00    0.793847701581514409E+00   -0.148302210288315713E+08   -0.681515351937697567E+01    1
    0.465437533059360059E-01    0.394639823271395514E-02    0.520241316831396849E+00    0.727628590822628984E+00    0.402052330902031514E+02    0.279140642182464038E+00    0.115524057024480209E+01   -0.147718791554082632E+08   -0.682515351937697723E+01    1
    0.152548988815704948E-01    0.488513583310487137E-01    0.496938979583535612E+00    0.730788351462449914E+00    0.476299171340427421E+02    0.419955820585103279E+00    0.737217230626401543E+00   -0.147662091924228147E+08   -0.683515351937697613E+01    1
    0.840161691803328059E-01   -0.208596146125752738E-01    0.496447805049031410E+00    0.750502123849434266E+00    0.485855537661442582E+02    0.247881426110864278E+00    0.986680192991516991E+00   -0.146535238154182415E+08   -0.684515351937697059E+01    1
    0.197111818559790814E-02    0.674993409553631407E-01    0.458596657738568392E+00    0.811725005515555709E+00    0.498246828132375867E+02    0.882864588068285494E+00    0.111767302949899383E+01   -0.146225577255073190E+08   -0.685515351937697126E+01    1
    0.341190392651552878E-02   -0.414186863535907848E-01    0.445243661806002999E+00    0.802040665379303186E+00    0.439371245819033263E+02    0.736194156188842763E+00    0.750880069784640392E+00   -0.145575186114076730E+08   -0.686515351937697371E+01    1
    0.791302849778085030E-02   -0.204218303093650355E-01    0.429389835074379334E+00    0.735898786532149796E+00    0.521215898126035029E+02    0.500581005287399461E+00    0.115535091102443066E+01   -0.145249790521964449E+08   -0.687515351937697083E+01    1
    0.851437850355168599E-02   -0.234791536350820972E-01    0.451599240182147421E+00    0.848121253852387236E+00    0.433807701391973453E+02    0.485117891486495645E+00    0.128674113641452381E+01   -0.145045337737814691E+08   -0.688515351937697062E+01    1
    0.698619870231202700E-02    0.333438975474310562E-01    0.507203538804954390E+00    0.733707146117628106E+00    0.494995743948880644E+02    0.536197204780982872E+00    0.101310359219048163E+01   -0.145032526138112582E+08   -0.689515351937697307E+01    1
    0.279173494485175340E-02    0.383807248353045059E-02    0.480430798840487672E+00    0.828370520169258273E+00    0.437317647187334373E+02    0.783542399978695236E+00    0.116880476444373849E+01   -0.144272063887353055E+08   -0.690515351937697019E+01    1
    0.110971591937755621E-01    0.341957865338294170E-01    0.547504547035661426E+00    0.802298249696663635E+00    0.410474522945441933E+02    0.486805664107599845E+00    0.840072594211088708E+00   -0.142189160465124492E+08   -0.691515351937697176E+01    1
    0.600637803968651074E-02    0.364806776468444213E-01    0.509284548328693853E+00    0.682359499490796106E+00    0.502785280647326900E+02    0.573712028536711993E+00    0.132553815956444709E+01   -0.141375953074520845E+08   -0.692515351937697421E+01    1
    0.140590023369504408E-01   -0.164177116432288467E-01    0.550279840869355552E+00    0.746089618530516807E+00    0.356319599358193173E+02    0.455975351098126425E+00    0.972499492383473774E+00   -0.140559870959207322E+08   -0.693515351937697400E+01    1
    0.361757876463678768E-02    0.250056380043109198E-01    0.512433397390382850E+00    0.751345611983561201E+00    0.625514229747662966E+02    0.771319004412259535E+00    0.741289915008301659E+00   -0.138798938618576974E+08   -0.694515351937697556E+01    1
    0.416805974902916248E-02    0.183492975672883765E-01    0.488384460950957666E+00    0.685653912252872089E+00    0.343657556269983928E+02    0.731558891162334080E+00    0.104319751029728169E+01   -0.138600834767215867E+08   -0.695515351937697623E+01    1
    0.874001724683150759E-02    0.531382870135895663E-01    0.496676030704237548E+00    0.730688752414790477E+00    0.480162703973895404E+02    0.564311493297706468E+00    0.643058648650189024E+00   -0.138592318814345915E+08   -0.696515351937697869E+01    1
    0.340593057787796846E-01   -0.750055218332456031E-01    0.501476828576121081E+00    0.765019199289377005E+00    0.444124661516504702E+02    0.349183608556042135E+00    0.983855539221735076E+00   -0.138249992782483324E+08   -0.697515351937697670E+01    1
    0.122108581276212814E-01    0.473388032215581386E-01    0.481882399728095545E+00    0.673804260308247360E+00    0.476155765658150258E+02    0.477705554764930984E+00    0.994073533179450242E+00   -0.138185585481318720E+08   -0.698515351937697471E+01    1
    0.993253282697427291E-02   -0.891099724195454773E-01    0.454967038434064108E+00    0.781481700595018980E+00    0.489497045276281000E+02    0.522012049195871741E+00    0.108422983432706577E+01   -0.136775220185603257E+08   -0.699515351937697627E+01    1
