    0.839381169010425948E-02   -0.138637107361686062-308    0.770654079306243657E+05    0.343129557316783149E+02    0.465699417268556815E+02
    0.831029186830954669E-02   -0.138637108152918360-308    0.332944016524846666E+05    0.447033397633811376E+02    0.621037298831262152E+01
    0.822760308262693828E-02   -0.138637119419132855-308    0.894128915607967429E+04    0.355064215718100655E+02    0.440911465455524194E+02
    0.814573706410894570E-02   -0.138637337530712536-308    0.624372018343344243E+05    0.194536934004109803E+02    0.430376195217930047E+02
    0.211793083045699292E-01   -0.191109323501586914E+01    0.312201733651494578E+05    0.285957896709442139E+02    0.479995977878570557E+02
    0.196325104926853775E-01   -0.175941765308380127E+01    0.346469812455344218E+05    0.333914828300476074E+02    0.445868971943855286E+02
    0.152410635330867024E-01   -0.125303053855895996E+01    0.218585987890752403E+05    0.266176363825798035E+02    0.331931871175765991E+02
    0.814560130340844825E-02   -0.138637349196527326-308    0.268113774855514930E+05    0.299475826840171209E+02    0.407468912502513803E+02
    0.814560130340844825E-02   -0.138639151741186975-308    0.231327508148591878E+05    0.305707974000143210E+02    0.344751445290541909E+02
    0.814560130340844825E-02   -0.138639002278756069-308    0.274130306139829263E+05    0.248941766380164182E+02    0.404070970435632901E+02
    0.814560130340844825E-02   -0.138639171233855339-308    0.117791734138873580E+05    0.199914808165274565E+02    0.403170709555512090E+02
    0.814560130340844825E-02   -0.138639161526311239-308    0.239980210613525269E+05    0.332170833692820651E+02    0.355844935008554728E+02
    0.814560130340844825E-02   -0.138639199123220738-308    0.846617299284751498E+05    0.302464627980652487E+02    0.420937129057649742E+02
    0.814560130340844825E-02   -0.138639195173968262-308    0.826230281038232206E+05    0.451765652224396916E+02    0.359553113983051276E+02
    0.217703907021682061E-01   -0.196614551544189453E+01    0.401558421856504065E+05    0.554288715124130249E+01    0.492382740974426270E+02
    0.165072733321861148E-01   -0.141264605522155762E+01    0.969526777124716027E+05    0.172466579079627991E+02    0.367845362424850464E+02
    0.192138815790698116E-01   -0.171630990505218506E+01    0.594254951821856448E+05    0.183231383562088013E+02    0.436169728636741638E+02
    0.198732820564297731E-01   -0.178379631042480469E+01    0.914314550269782339E+05    0.174161896109580994E+02    0.451354169845581055E+02
    0.174182928986156664E-01   -0.152008581161499023E+01    0.626850308751474513E+05    0.609247177839279175E+01    0.392019307613372803E+02
    0.814560130340844825E-02   -0.138638906242196780-308    0.312355964128599699E+05    0.217853828750034779E+02    0.375858133502072747E+02
    0.814560130340844825E-02   -0.138638999116498784-308    0.258560764511452689E+05    0.145879561306578331E+02    0.438601603621828744E+02
    0.814560130340844825E-02   -0.138639192065575990-308    0.463249008966461697E+05    0.175207876031588654E+02    0.401787938861758818E+02
    0.120408632667251530E-01   -0.781656146049499512E+00    0.262933834572884989E+05    0.491075271368026733E+02    0.225872632861137390E+02
    0.135215979131454132E-01   -0.101362037658691406E+01    0.508672341724959915E+05    0.414103838801383972E+02    0.278064584732055664E+02
    0.814560130340844825E-02   -0.138637355212855603-308    0.608454201607857322E+05    0.477996593447341311E+02    0.291797428037381934E+02
    0.814560130340844825E-02   -0.138638908745251918-308    0.382455623504161558E+05    0.477048977203576143E+02    0.209355868583773983E+02
    0.814560130340844825E-02   -0.138639158587403246-308    0.303252105518837743E+05    0.405917264371617819E+02    0.261839780937256954E+02
    0.814560130340844825E-02   -0.138639206108423605-308    0.175530538164846621E+05    0.198718440077591367E+02    0.476469726009306669E+02
    0.814560130340844825E-02   -0.138639215947476122-308    0.562104848973312255E+05    0.289494001679714934E+02    0.349372571519538653E+02
    0.814560130340844825E-02   -0.138639252358549021-308    0.279424313638395943E+05    0.367841104181625838E+02    0.348329014287760117E+02
    0.814560130340844825E-02   -0.138639411725296539-308    0.525727638113974972E+05    0.326903443285857662E+02    0.314021697098456904E+02
    0.814560130340844825E-02   -0.138639457390147839-308    0.183932074429930872E+05    0.299782992871574621E+02    0.369431697478262038E+02
    0.814560130340844825E-02   -0.138639212592936393-308    0.211860160553394162E+05    0.289051797541036493E+02    0.391700372126184533E+02
    0.814560130340844825E-02   -0.138639458387670331-308    0.142079049501398258E+05    0.430484104094566575E+02    0.285405744247815285E+02
    0.814560130340844825E-02   -0.138639441037017644-308    0.123788493355053342E+05    0.415512097452082543E+02    0.255831552869802366E+02
    0.814560130340844825E-02   -0.138639458392871854-308    0.877564914310568420E+05    0.350789066919972683E+02    0.259072884445492271E+02
    0.814560130340844825E-02   -0.138639461591144548-308    0.309043221472814112E+05    0.320618432955790595E+02    0.289265369313408378E+02
    0.814560130340844825E-02   -0.138639460214005729-308    0.870519241051160061E+05    0.472623678361432127E+02    0.323081352305323506E+02
    0.814560130340844825E-02   -0.138639497055587669-308    0.257950023273887819E+05    0.444496294211651133E+02    0.328909510980447948E+02
    0.814560130340844825E-02   -0.138639517998200366-308    0.346617712124779573E+05    0.173179139533601969E+02    0.309382654256639249E+02
    0.814560130340844825E-02   -0.138639525450149024-308    0.162944404593809704E+05    0.214570529075357328E+02    0.453419349705371388E+02
    0.814560130340844825E-02   -0.138639510455596590-308    0.508101890836809471E+05    0.742336127713259764E+01    0.375448503818271959E+02
    0.814560130340844825E-02   -0.138639522357456182-308    0.240664262532417488E+05    0.254892365032352224E+02    0.400287200410832540E+02
    0.177592178832922144E-01   -0.155885326862335205E+01    0.141807631237417045E+05    0.384637519717216492E+02    0.400741985440254211E+02
    0.814560130340844825E-02   -0.138638978929830241-308    0.462359627657482088E+04    0.438055616448891527E+02    0.425968733736469929E+02
    0.814560130340844825E-02   -0.138639419271283677-308    0.845175638470831291E+04    0.373048274052528299E+02    0.463805754957956609E+02
    0.117413030852711615E-01   -0.731269478797912598E+00    0.395797317537018171E+05    0.163492175936698914E+02    0.214535632729530334E+02
    0.107169764144241682E-01   -0.548702001571655273E+00    0.180884373131199172E+05    0.116144400835037231E+02    0.173457950353622437E+02
    0.814560130340844825E-02   -0.138638467800738002-308    0.291495148296614534E+05    0.180535164356127922E+02    0.268562628611342227E+02
    0.814560130340844825E-02   -0.138638883620994075-308    0.655696246954789676E+05    0.199129332252020035E+02    0.254226393464887543E+02
    0.814560130340844825E-02   -0.138638929004899886-308    0.650614917627805626E+05    0.176701092517125140E+02    0.190389249470746407E+02
    0.814560130340844825E-02   -0.138637343777710183-308    0.161902764943984639E+05    0.140034227558248752E+02    0.336081911849064596E+02
    0.814560130340844825E-02   -0.138638938271547709-308    0.162777467587833107E+05    0.212206525472959342E+02    0.303252687358937436E+02
    0.814560130340844825E-02   -0.138639141011709587-308    0.478023970869975383E+05    0.785965075873629360E+01    0.232766762716274194E+02
    0.814560130340844825E-02   -0.138638995575036235-308    0.902438111778484745E+05    0.271420392649454421E+02    0.287070336400719555E+02
    0.814560130340844825E-02   -0.138639409003287318-308    0.204275371144425117E+05    0.149157529148262071E+02    0.250488072966675830E+02
    0.814560130340844825E-02   -0.138639433000411463-308    0.783454422694134701E+05    0.207683748319389601E+02    0.285505763066101572E+02
    0.814560130340844825E-02   -0.138639461179971260-308    0.404096295304532759E+05    0.161856891461568608E+02    0.202405507421647783E+02
    0.814560130340844825E-02   -0.138639472750024269-308    0.946420452652746462E+05    0.122992636054547866E+02    0.148142906270000996E+02
    0.814560130340844825E-02   -0.138639469678137520-308    0.932773665825113712E+05    0.119327844780026346E+02    0.195074417692452045E+02
    0.814560130340844825E-02   -0.138639502310311777-308    0.613773192129568415E+05    0.121501239375654677E+02    0.202450044459782958E+02
    0.814560130340844825E-02   -0.138639510669333341-308    0.334315544239366573E+05    0.109034306712132931E+02    0.236399284582891660E+02
    0.814560130340844825E-02   -0.138639512363828310-308    0.227816817859299081E+05    0.103191283853042108E+02    0.169343644839018452E+02
    0.814560130340844825E-02   -0.138639531230464119-308    0.313047887643899448E+05    0.741487071864326452E+01    0.141929168611350089E+02
    0.814560130340844825E-02   -0.138639522276350366-308    0.461401470577380169E+05    0.279273973924430621E+02    0.253043573328048979E+02
    0.814560130340844825E-02   -0.138639942551655655-308    0.178974613608160944E+05    0.149403716564374562E+02    0.189665012544990503E+02
    0.175375892810170457E-01   -0.153373694419860840E+01    0.659484373307786882E+04    0.154266208410263062E+02    0.395090812444686890E+02
    0.217685572473978670E-01   -0.196597707271575928E+01    0.965223534466666206E+04    0.662682682275772095E+01    0.492344841361045837E+02
    0.814560130340844825E-02   -0.138638910895536279-308    0.751004082938325610E+04    0.147727216049214505E+02    0.360755427736253580E+02
    0.814560130340844825E-02   -0.138638991635696692-308    0.120199164984929757E+05    0.159711051764639080E+02    0.349702886861796998E+02
    0.814560130340844825E-02   -0.138639218050425042-308    0.636314535704009631E+04    0.882579991710948875E+01    0.438265653948505758E+02
    0.814560130340844825E-02   -0.138639262659604300-308    0.836919963067426579E+04    0.108700464354818891E+02    0.306463468813883466E+02
    0.814560130340844825E-02   -0.138639967138227784-308    0.108012436163689472E+05    0.104208502283134656E+02    0.364560497671776673E+02
    0.814560130340844825E-02   -0.138638948923033870-308    0.440361043375592362E+04    0.681306720798734933E+01    0.187966484934647369E+02
    0.106209677246557610E-01   -0.530704140663146973E+00    0.885063066061304999E+05    0.327070179581642151E+02    0.169408431649208069E+02
    0.104569262755414213E-01   -0.499572992324829102E+00    0.203723646203869175E+05    0.409170317649841309E+02    0.162403923273086548E+02
    0.105515439277195696E-01   -0.517588257789611816E+00    0.913736373311061470E+05    0.414962199330329895E+02    0.166457358002662659E+02
    0.112224162677217344E-01   -0.640870332717895508E+00    0.136850761276243211E+05    0.324314209818840027E+02    0.194195824861526489E+02
    0.129886665187618090E-01   -0.933198213577270508E+00    0.156277334651695310E+05    0.347491982579231262E+02    0.259969598054885864E+02
    0.902154360653937594E-02   -0.204274773597717285E+00    0.458886220769652791E+05    0.499223875999450684E+02    0.959618240594863892E+01
    0.814560130340844825E-02   -0.138638919115065325-308    0.234993200797094214E+05    0.432570240068063327E+02    0.170364671656264619E+02
    0.814560130340844825E-02   -0.138638936594301560-308    0.604308671991404772E+05    0.413300990417926286E+02    0.992606863282393270E+01
    0.814560130340844825E-02   -0.138638928695670127-308    0.273492078126718552E+05    0.383589475845218431E+02    0.681124162641354758E+01
    0.814560130340844825E-02   -0.138637355931804121-308    0.103975033117568582E+05    0.328798607956000311E+02    0.267368709970853189E+02
    0.814560130340844825E-02   -0.138638995365394300-308    0.127531707263315602E+05    0.326218189000484244E+02    0.166522082380647305E+02
    0.814560130340844825E-02   -0.138638987917651129-308    0.397407900464246632E+05    0.436266169280290512E+02    0.130079162437377764E+02
    0.814560130340844825E-02   -0.138639138766770153-308    0.124526121866283429E+05    0.374412169906325474E+02    0.156145267937333312E+02
    0.814560130340844825E-02   -0.138639196908288875-308    0.696779371949382912E+05    0.456890045392685238E+02    0.116253264287866038E+02
    0.814560130340844825E-02   -0.138639209963226539-308    0.262905708187107484E+05    0.355052058521942016E+02    0.178243407920305472E+02
    0.814560130340844825E-02   -0.138639191980264687-308    0.734630445371722180E+04    0.354944284749900874E+02    0.833415303674931351E+01
    0.814560130340844825E-02   -0.138638906322891534-308    0.523664755068772411E+04    0.408198729643727845E+02    0.719449845733490356E+01
    0.814560130340844825E-02   -0.138639262748425446-308    0.129882101414235003E+05    0.460282017145744433E+02    0.188255227916676589E+02
    0.814560130340844825E-02   -0.138639475046899884-308    0.672707811617809348E+05    0.368666948237373688E+02    0.102455149224758681E+02
    0.814560130340844825E-02   -0.138639479907873435-308    0.755044118781139423E+04    0.445760919093567622E+02    0.561929650724817265E+01
    0.814560130340844825E-02   -0.138639480975497913-308    0.215654034756676883E+05    0.363685111695940293E+02    0.182293285625579529E+02
    0.814560130340844825E-02   -0.138639437512993636-308    0.214044553692375230E+05    0.342748988879434933E+02    0.230229011712356311E+02
    0.814560130340844825E-02   -0.138639496423152022-308    0.304454177490304064E+05    0.355766642667815063E+02    0.955343928107381757E+01
    0.968575510374480864E-02   -0.346356391906738281E+00    0.938543548385942631E+04    0.181229034066200256E+02    0.127930188179016113E+02
    0.924132851763186623E-02   -0.252415180206298828E+00    0.343337548631410846E+04    0.582573145627975464E+01    0.106793415546417236E+02
    0.814560130340844825E-02   -0.138638952300261094-308    0.117671273434197992E+05    0.283004089427450616E+02    0.123163995108973623E+02
    0.814560130340844825E-02   -0.138639151518201315-308    0.406962958247203460E+04    0.184220256209249484E+02    0.171392176058395194E+02
    0.814560130340844825E-02   -0.138639178082411506-308    0.172421763611360984E+05    0.126187113241686859E+02    0.100923632448354095E+02
    0.814560130340844825E-02   -0.138639205720870607-308    0.645875579583453327E+04    0.313005391113438307E+02    0.912629462243352307E+01
    0.814560130340844825E-02   -0.138639426400026447-308    0.352474665016006975E+04    0.134620643035498251E+02    0.118311653735673765E+02
