    0.521265595339741696E-90    0.162076107831512019E+07    0.377627544709211094E+02    0.812828407240968609E+01    0.123598384695141840E+04
    0.852535689821937896E-40    0.162052943589505809E+07    0.379224337506880147E+02    0.815316240328620623E+01    0.206696230284702870E+04
    0.546629606780770232E-21    0.162044242654879577E+07    0.377727310303700392E+02    0.814723552990868072E+01    0.146791566064934977E+04
    0.945040820182705723E-13    0.162040409027393768E+07    0.379753294077402614E+02    0.802784960249573842E+01    0.190978239469462483E+04
    0.346640255533733485E-08    0.162038267030422343E+07    0.375508286387808923E+02    0.808515845618680729E+01    0.156071140011258012E+04
    0.502563495337488953E-08    0.162038152743527107E+07    0.374672270695848511E+02    0.819327416363011629E+01    0.155964290200222831E+04
    0.550107936767691480E-05    0.162036713113967958E+07    0.371796210083969996E+02    0.802042092551237396E+01    0.182916539011797977E+04
    0.874967981075761219E-05    0.162036580299410946E+07    0.379846504804210667E+02    0.820687218018706233E+01    0.159527915521993259E+04
    0.932510212344428609E-03    0.162035606526811677E+07    0.376851995533010538E+02    0.824087495043436924E+01    0.179422698281246267E+04
    0.150419952579246112E-02    0.162035470899600442E+07    0.372002653084561246E+02    0.815503873976200389E+01    0.179868804655736221E+04
    0.512080032041301036E-02    0.162035185889628599E+07    0.375422112101894356E+02    0.809708663906098103E+01    0.178525190244054306E+04
    0.643114000954144588E-02    0.162035100321412901E+07    0.378759866277758590E+02    0.829318093739854767E+01    0.168155563334980752E+04
    0.601854757777484182E-02    0.162035073582583666E+07    0.370713321261755766E+02    0.809122083416226801E+01    0.164914210146959226E+04
    0.598575701719359764E-02    0.162035034675213136E+07    0.377146595146309664E+02    0.816260790307677730E+01    0.176690187421284281E+04
    0.249069186856927499E+00    0.162034287674073083E+07    0.377285676409300024E+02    0.815623336807602506E+01    0.170538812898974516E+04
    0.345201155413401295E-01    0.162034682911773771E+07    0.374994060978235169E+02    0.812008627803373351E+01    0.174431341121966807E+04
    0.208823350516958162E+00    0.162034322922480083E+07    0.372636093232179704E+02    0.822629634583437230E+01    0.168280499721015144E+04
    0.384157885988653303E+00    0.162034201009490527E+07    0.375924142341282845E+02    0.804157403109965330E+01    0.174577642803395315E+04
    0.974222471166764775E-01    0.162034475409297552E+07    0.374813635308733168E+02    0.819869645689786353E+01    0.171745043016590739E+04
