    0.485204720497131348E+02    0.237219959497451782E+02    0.177620172555234691E+06   -0.999999999899999928E+90   -0.160278011214887317E+01    1
    0.265725430846214294E+02    0.319393831491470337E+02    0.184661912794512755E+05   -0.999999999799999890E+90   -0.180278011214887313E+01    1
    0.336331203579902649E+02    0.223769941926002502E+02    0.161970950909232779E+06   -0.294548854285813123E+07   -0.200278011214887330E+01    1
    0.367657527327537537E+02    0.238140225410461426E+02    0.439279769996466727E-04   -0.101636753795495303E+07   -0.220278011214887304E+01    1
    0.254380893707275391E+02    0.485499441623687744E+02    0.635676456650330568E+00   -0.970806521133350325E+06   -0.240278011214887322E+01    1
    0.165907317399978638E+02    0.191402572393417358E+02    0.868711947404687095E+02   -0.916129773117885925E+06   -0.260278011214887339E+01    1
    0.284201934933662415E+02    0.218798279762268066E+02    0.479213712587680085E+01   -0.912547613202100387E+06   -0.280278011214887313E+01    1
    0.368069005012512207E+02    0.150264137983322144E+02    0.242247388949761433E+01   -0.895226844282463659E+06   -0.300278011214887330E+01    1
    0.127980184555053711E+02    0.190179216861724854E+02    0.699053726637755436E-02   -0.894387002916074358E+06   -0.320278011214887393E+01    1
    0.936212748289108276E+01    0.301999571919441223E+02    0.337611961917640599E+03   -0.891511041452894569E+06   -0.340278011214887366E+01    1
    0.139621132612228394E+02    0.353462553024291992E+02    0.610884023212980992E+03   -0.878085831438369118E+06   -0.360278011214887339E+01    1
    0.402581605315208435E+02    0.145497369766235352E+02    0.493470715434510453E+03   -0.870216146249839920E+06   -0.380278011214887357E+01    1
    0.317877471446990967E+02    0.519606143236160278E+01    0.562690279801089047E-02   -0.865368426296342281E+06   -0.400278011214887375E+01    1
    0.413983917236328125E+02    0.166887155175209045E+02    0.743501114464417157E+02   -0.864440773045469425E+06   -0.420278011214887393E+01    1
    0.218686565756797791E+02    0.190264108777046204E+02    0.292716118810327498E+04   -0.859239848512324388E+06   -0.440278011214887322E+01    1
    0.189510139822959900E+02    0.790420204401016235E+01    0.123630236645802857E-01   -0.849283657172512379E+06   -0.460278011214887339E+01    1
    0.418249890208244324E+02    0.161698958277702332E+02    0.286295975260836258E+04   -0.849074880957817310E+06   -0.480278011214887357E+01    1
    0.103227445483207703E+02    0.192196533083915710E+02    0.281490643270397708E-02   -0.848334145410270081E+06   -0.500278011214887375E+01    1
    0.299476686120033264E+02    0.811094403266906738E+01    0.248077988615953635E-01   -0.845479718789031729E+06   -0.520278011214887393E+01    1
    0.234552636742591858E+02    0.133806344866752625E+02    0.826180459023773324E+03   -0.837392952052334324E+06   -0.540278011214887410E+01    1
    0.200509798526763916E+02    0.139616438746452332E+02    0.419529784774976360E+04   -0.837268902080581523E+06   -0.560278011214887428E+01    1
    0.110948023200035095E+02    0.500899076461791992E+01    0.232241514825733434E-02   -0.829930350892314222E+06   -0.580278011214887357E+01    1
    0.119155099987983704E+02    0.560103744268417358E+01    0.254526001428552516E-02   -0.829879797721989220E+06   -0.600278011214887375E+01    1
    0.111804023385047913E+02    0.553689777851104736E+01    0.168899031078475287E+00   -0.827564238993148319E+06   -0.620278011214887393E+01    1
    0.113793149590492249E+02    0.516664028167724609E+01    0.173938000391882786E+00   -0.827548011393570341E+06   -0.640278011214887410E+01    1
    0.112788572328517418E+02    0.500482088669844494E+01    0.511268118200152166E+00   -0.826952847711697104E+06   -0.660278011214887428E+01    1
    0.232370445132255554E+02    0.890718460083007812E+01    0.574138765890830456E+02   -0.825405247487263405E+06   -0.680278011214887446E+01    1
    0.236410656571388245E+02    0.831072837114334106E+01    0.353198566557912045E+04   -0.822522127277739230E+06   -0.700278011214887375E+01    1
    0.370566087961196899E+02    0.814546674489974976E+01    0.506022548352894864E+04   -0.815539387756939861E+06   -0.720278011214887393E+01    1
    0.162600002663884986E+02    0.827298856847373365E+01    0.182418612157428868E+02   -0.815309266927263467E+06   -0.740278011214887410E+01    1
    0.160611077966179465E+02    0.823920135970102052E+01    0.218177297828903818E+02   -0.815096657191080274E+06   -0.760278011214887428E+01    1
    0.375498766308222400E+02    0.821797462639006682E+01    0.403663857955124513E+03   -0.812764013432325213E+06   -0.780278011214887446E+01    1
    0.162414794803751761E+02    0.813445222492265252E+01    0.191253277763589978E+03   -0.812529479662462370E+06   -0.800278011214887464E+01    1
    0.165159215652478579E+02    0.803530953607499754E+01    0.309067509648912892E+04   -0.812263012971798191E+06   -0.820278011214887393E+01    1
    0.162758244545588582E+02    0.801817062907817757E+01    0.272371352745731110E+04   -0.811744511773905368E+06   -0.840278011214887499E+01    1
    0.168154163397058944E+02    0.803340236752303660E+01    0.269704357470953983E+04   -0.811709284823875176E+06   -0.860278011214887428E+01    1
    0.166554565435617690E+02    0.805585195075649452E+01    0.781727985387908461E+03   -0.811044423927605385E+06   -0.880278011214887535E+01    1
    0.160504828512676028E+02    0.801404217691980314E+01    0.178422171839683529E+04   -0.810894786127562751E+06   -0.900278011214887464E+01    1
    0.168843405429056190E+02    0.809110886443205501E+01    0.170694028335004214E+04   -0.810863298132996657E+06   -0.920278011214887570E+01    1
    0.166431977606074994E+02    0.803314575222665006E+01    0.157347692638441572E+04   -0.810816439082339872E+06   -0.940278011214887499E+01    1
    0.164519425699031920E+02    0.806820510383296607E+01    0.148276068060983062E+04   -0.810797682397110388E+06   -0.960278011214887428E+01    1
    0.375992654111809941E+02    0.800316664944569744E+01    0.263688447019103023E+04   -0.810731908694137703E+06   -0.980278011214887535E+01    1
    0.379496756566039650E+02    0.810177126402295933E+01    0.232227075939230826E+04   -0.810435732219001860E+06   -0.100027801121488746E+02    1
    0.377627544709211094E+02    0.812828407240968609E+01    0.123598384695141840E+04   -0.810380539157560095E+06   -0.102027801121488757E+02    1
    0.379224337506880147E+02    0.815316240328620623E+01    0.206696230284702870E+04   -0.810264717947529047E+06   -0.104027801121488750E+02    1
    0.377727310303700392E+02    0.814723552990868072E+01    0.146791566064934977E+04   -0.810221213274397887E+06   -0.106027801121488761E+02    1
    0.379753294077402614E+02    0.802784960249573842E+01    0.190978239469462483E+04   -0.810202045136968838E+06   -0.108027801121488753E+02    1
    0.375508286387808923E+02    0.808515845618680729E+01    0.156071140011258012E+04   -0.810191335152111715E+06   -0.110027801121488746E+02    1
    0.374672270695848511E+02    0.819327416363011629E+01    0.155964290200222831E+04   -0.810190763717635535E+06   -0.112027801121488757E+02    1
    0.371796210083969996E+02    0.802042092551237396E+01    0.182916539011797977E+04   -0.810183565569839790E+06   -0.114027801121488750E+02    1
    0.379846504804210667E+02    0.820687218018706233E+01    0.159527915521993259E+04   -0.810182901497054729E+06   -0.116027801121488743E+02    1
    0.376851995533010538E+02    0.824087495043436924E+01    0.179422698281246267E+04   -0.810178032634058385E+06   -0.118027801121488753E+02    1
    0.372002653084561246E+02    0.815503873976200389E+01    0.179868804655736221E+04   -0.810177354498002212E+06   -0.120027801121488746E+02    1
    0.375422112101894356E+02    0.809708663906098103E+01    0.178525190244054306E+04   -0.810175929448142997E+06   -0.122027801121488757E+02    1
    0.378759866277758590E+02    0.829318093739854767E+01    0.168155563334980752E+04   -0.810175501607064507E+06   -0.124027801121488750E+02    1
    0.370713321261755766E+02    0.809122083416226801E+01    0.164914210146959226E+04   -0.810175367912918329E+06   -0.126027801121488761E+02    1
    0.377146595146309664E+02    0.816260790307677730E+01    0.176690187421284281E+04   -0.810175173376065679E+06   -0.128027801121488753E+02    1
